# data were simulated from QR model with tau=0.25 and fitted using different model
# following is the posterior samples from only one of the data sets (total 30)
# each have dimension 3000 by 14
################
# original fit #
################
> head(sim2_25_30_thetahat[[1]])
        alpha1    alpha2   beta[1]   beta[2]         c  delta[1] delta[2]
[1,] 0.5592089 0.5987026 0.9125741 -1.254171 0.4942494 -2.190664 1.492976
[2,] 0.5283164 0.7516300 0.8917049 -1.330265 0.5788953 -2.357252 1.545532
[3,] 0.5412906 0.5685444 1.1620475 -1.084264 0.6497976 -2.394425 1.533772
[4,] 0.5927663 0.7600060 0.8439660 -1.262708 0.4779065 -2.171629 1.533209
[5,] 0.5879613 0.7940028 0.9736585 -1.256628 0.5381309 -2.093629 1.474790
[6,] 0.4809801 0.4488966 1.0184250 -1.142680 0.6522939 -2.307369 1.544736
     deviance  gamma[1]   gamma[2]     sigma      w11        w21       w22
[1,] 25867.93 -2.498862 -0.8598711 0.8944471 1.443840 -0.3307074 0.4431194
[2,] 25866.21 -2.595459 -0.9321738 0.8620872 1.441477 -0.2736258 0.4112486
[3,] 25857.09 -2.473645 -0.8742310 0.8834543 1.463916 -0.3559859 0.4710638
[4,] 25585.34 -2.592214 -0.9583026 0.8531353 1.453843 -0.2508563 0.4208716
[5,] 25649.67 -2.574625 -0.9281746 0.8470958 1.463004 -0.4139470 0.3699310
[6,] 26034.41 -2.351440 -0.8003469 0.9182417 1.420394 -0.2997239 0.5295235


##############
# median fit #
##############
> head(sim2_25_30_50fit_thetahat[[1]])
        alpha1     alpha2  beta[1]   beta[2]         c  delta[1] delta[2]
[1,] 0.5591891  0.6749739 3.255554 -1.000637 0.5888746 -2.382968 1.569831
[2,] 0.6980375 -0.8981253 2.948175 -1.249977 0.2868221 -2.034940 1.489419
[3,] 0.5236630  0.4716384 3.353174 -1.208937 0.4704361 -2.321738 1.555198
[4,] 0.7064966 -0.9979857 3.428405 -1.101829 0.4229866 -2.471966 1.575022
[5,] 0.7453248 -1.0051495 3.298492 -1.066604 0.3256240 -2.291534 1.580700
[6,] 0.4910056  0.4800369 2.929540 -1.170552 0.5480760 -2.212014 1.608446
     deviance  gamma[1]   gamma[2]     sigma      w11        w21       w22
[1,] 26272.08 -2.562455 -0.9537548 0.6105398 1.880787 -0.4773731 0.4612842
[2,] 26357.43 -2.774116 -0.9700712 0.5574117 2.017033 -0.3596850 0.3172766
[3,] 26604.56 -2.426961 -0.8367562 0.6238330 1.477741 -0.4165404 0.4495931
[4,] 26042.31 -2.978842 -1.0314074 0.5596851 1.982225 -0.4515815 0.3481723
[5,] 25953.58 -3.177455 -1.1435177 0.4963754 2.240219 -0.5296123 0.3313571
[6,] 26521.60 -2.422889 -0.8400859 0.6270974 1.495493 -0.2714541 0.4977670


############
# mean fit #
############
> head(sim2_25_30_meanfit_thetahat[[1]])                                                             
        alpha1    alpha2  beta[1]    beta[2]         c  delta[1] delta[2]
[1,] 0.4198312 0.5321608 4.497682 -1.0419673 0.7736472 -2.546135 1.560809
[2,] 0.4168606 0.5111603 4.250171 -0.8859244 0.8016523 -2.305295 1.603492
[3,] 0.4224586 0.5431728 4.406172 -0.9392228 0.7522393 -2.543730 1.617349
[4,] 0.4171511 0.5811471 4.085829 -1.2191127 0.6078925 -2.332551 1.590191
[5,] 0.4169295 0.5498370 4.463497 -1.2214502 0.8533785 -2.529770 1.582758
[6,] 0.4326209 0.6177071 3.772079 -0.8976577 0.6153815 -2.180263 1.582821
     deviance  gamma[1]   gamma[2]    sigma      w11        w21       w22
[1,] 27772.90 -2.059693 -0.7229855 4.479450 2.472772 -0.1586427 0.4340167
[2,] 27726.13 -2.095300 -0.6788809 4.650694 2.370948 -0.2484847 0.4721626
[3,] 27738.78 -2.111916 -0.7179828 4.448851 2.335485 -0.1355025 0.4448407
[4,] 27761.32 -2.045544 -0.7139486 4.509675 2.296739 -0.2780743 0.3671642
[5,] 27714.11 -2.065356 -0.7451721 4.561684 2.404820 -0.2370854 0.4399108
[6,] 27800.53 -2.150907 -0.7378318 4.496494 2.158619 -0.1422294 0.4479018
# here sigma has different meaning