(0, 1)

alpha1       0.019   0.066    -0.125    -0.022     0.022     0.064     0.138
alpha2       0.578   0.213     0.260     0.422     0.545     0.703     1.058
beta[1]      1.141   0.094     0.961     1.077     1.139     1.205     1.333
beta[2]      0.922   0.108     0.705     0.850     0.924     0.996     1.126
c            1.033   0.086     0.876     0.974     1.030     1.090     1.213
delta[1]     0.847   0.106     0.637     0.775     0.848     0.917     1.053
delta[2]     1.032   0.166     0.703     0.922     1.036     1.148     1.336
gamma[1]     1.092   0.089     0.919     1.034     1.089     1.150     1.269
gamma[2]     1.051   0.083     0.891     0.994     1.051     1.106     1.214
sigma        1.053   0.040     0.975     1.026     1.053     1.079     1.136
w11          0.322   0.098     0.146     0.251     0.321     0.386     0.530
w21          0.420   0.246    -0.134     0.265     0.446     0.589     0.854
w22          0.462   0.212     0.112     0.284     0.458     0.613     0.899
deviance 13013.837  45.025 12924.976 12983.028 13014.215 13044.521 13100.137
          Rhat n.eff
alpha1   1.001  2800
alpha2   1.058    39
beta[1]  1.006   370
beta[2]  1.001  3000
c        1.001  3000
delta[1] 1.001  2500
delta[2] 1.011   310
gamma[1] 1.001  3000
gamma[2] 1.001  2900
sigma    1.004   520
w11      1.105    28
w21      1.184    15
w22      1.297    11
deviance 1.008   280


(0, 1)
3 chains, each with 15000 iterations (first 5000 discarded), n.thin = 10
 n.sims = 3000 iterations saved
           mu.vect sd.vect      2.5%       25%       50%       75%     97.5%
alpha1      -0.074   0.071    -0.217    -0.121    -0.074    -0.026     0.058
alpha2       1.444   0.570     0.691     1.049     1.319     1.691     3.004
beta[1]      1.000   0.101     0.801     0.931     1.000     1.067     1.201
beta[2]      0.921   0.097     0.728     0.855     0.924     0.986     1.104
c            1.008   0.091     0.832     0.945     1.006     1.064     1.198
delta[1]     0.990   0.096     0.807     0.924     0.990     1.054     1.177
delta[2]     0.827   0.115     0.611     0.745     0.825     0.903     1.058
gamma[1]     0.977   0.088     0.811     0.917     0.976     1.037     1.148
gamma[2]     0.964   0.094     0.781     0.899     0.964     1.026     1.149
sigma        1.037   0.037     0.965     1.012     1.037     1.062     1.109
w11          0.462   0.155     0.176     0.360     0.452     0.559     0.786
w21         -0.070   0.147    -0.384    -0.173    -0.053     0.047     0.168
w22          0.298   0.128     0.084     0.194     0.297     0.388     0.555
deviance 13222.184  48.051 13129.993 13189.087 13223.230 13253.772 13316.978
          Rhat n.eff
alpha1   1.002  1000
alpha2   1.115    26
beta[1]  1.026    91
beta[2]  1.001  3000
c        1.008   250
delta[1] 1.008   290
delta[2] 1.001  2400
gamma[1] 1.003   950
gamma[2] 1.002  1400
sigma    1.005   400
w11      1.180    19
w21      1.087    32
w22      1.233    14
deviance 1.018   110


(1, 1)
alpha1       1.075   0.112     0.871     0.998     1.068     1.144     1.315
alpha2       0.983   0.724    -1.103     0.683     1.005     1.390     2.285
beta[1]      0.876   0.103     0.676     0.808     0.878     0.944     1.077
beta[2]      0.885   0.081     0.725     0.830     0.884     0.938     1.042
c            1.101   0.097     0.917     1.034     1.097     1.163     1.299
delta[1]     1.038   0.087     0.870     0.981     1.036     1.098     1.207
delta[2]     1.060   0.101     0.867     0.989     1.060     1.128     1.258
gamma[1]     1.112   0.092     0.934     1.047     1.110     1.173     1.295
gamma[2]     1.032   0.097     0.843     0.967     1.033     1.095     1.232
sigma        1.023   0.037     0.951     0.999     1.023     1.047     1.099
w11          0.326   0.230     0.022     0.049     0.342     0.483     0.794
w21         -0.107   0.283    -0.662    -0.318    -0.094     0.088     0.377
w22          0.273   0.117     0.098     0.176     0.267     0.351     0.521
deviance 13096.331  48.045 12998.098 13065.129 13097.665 13128.143 13186.982
          Rhat n.eff
alpha1   1.002  1100
alpha2   1.181    21
beta[1]  1.020   100
beta[2]  1.012   170
c        1.009   230
delta[1] 1.007   330
delta[2] 1.007   410
gamma[1] 1.013   160
gamma[2] 1.019   110
sigma    1.016   130
w11      4.109     3
w21      2.117     5
w22      1.108    25
deviance 1.155    17


2015-01-06
============

## 30 datasets tau=0.25

> post_summary(multi_fit11)
$mean
   alpha1    alpha2   beta[1]   beta[2]         c  delta[1]  delta[2]  deviance 
    0.609     0.824     0.986     0.982     0.975     0.962     0.991 13083.753 
 gamma[1]  gamma[2]     sigma       w11       w21       w22 
    1.029     1.021     1.007     0.416    -0.156     0.362 

$sd
  alpha1   alpha2  beta[1]  beta[2]        c delta[1] delta[2] deviance 
   0.797    0.574    0.107    0.098    0.088    0.100    0.110   46.773 
gamma[1] gamma[2]    sigma      w11      w21      w22 
   0.089    0.088    0.037    0.165    0.243    0.150 


> post_summary(multi_fit01)                                                                         
$mean
   alpha1    alpha2   beta[1]   beta[2]         c  delta[1]  delta[2]  deviance 
    0.003     0.687     0.993     1.006     0.976     0.983     0.987 13246.201 
 gamma[1]  gamma[2]     sigma       w11       w21       w22 
    1.025     1.014     1.009     0.379    -0.124     0.356 

$sd
  alpha1   alpha2  beta[1]  beta[2]        c delta[1] delta[2] deviance 
   0.055    0.639    0.099    0.094    0.080    0.095    0.128   46.905 
gamma[1] gamma[2]    sigma      w11      w21      w22 
   0.086    0.086    0.037    0.153    0.253    0.155 


## 100 datasets tau=0.25
> post_summary(multi_fit01_100)
$mean
   alpha1    alpha2   beta[1]   beta[2]         c  delta[1]  delta[2]  deviance 
    0.003     0.852     1.002     0.996     0.989     0.999     1.006 13207.598 
 gamma[1]  gamma[2]     sigma       w11       w21       w22 
    0.996     1.002     1.009     0.401    -0.148     0.359 

$sd
  alpha1   alpha2  beta[1]  beta[2]        c delta[1] delta[2] deviance 
   0.056    0.513    0.100    0.096    0.083    0.096    0.131   46.522 
gamma[1] gamma[2]    sigma      w11      w21      w22 
   0.085    0.085    0.037    0.158    0.247    0.146 



> post_summary(multi_fit11_100)
$mean
   alpha1    alpha2   beta[1]   beta[2]         c  delta[1]  delta[2]  deviance 
    1.042     0.755     0.979     0.994     0.974     0.984     0.994 13091.931 
 gamma[1]  gamma[2]     sigma       w11       w21       w22 
    1.013     1.015     1.009     0.379    -0.096     0.341 

$sd
  alpha1   alpha2  beta[1]  beta[2]        c delta[1] delta[2] deviance 
   0.115    0.584    0.103    0.096    0.088    0.087    0.098   45.605 
gamma[1] gamma[2]    sigma      w11      w21      w22 
   0.087    0.087    0.037    0.152    0.242    0.145 



### when n.iter=50000 and burnin=25000
           mu.vect sd.vect      2.5%       25%       50%       75%     97.5%
alpha1       1.136   0.127     0.914     1.048     1.130     1.217     1.409
alpha2       1.315   0.434     0.654     1.007     1.243     1.558     2.351
beta[1]      1.052   0.111     0.842     0.975     1.050     1.123     1.274
beta[2]      0.977   0.096     0.792     0.913     0.978     1.043     1.157
c            0.897   0.094     0.723     0.832     0.892     0.962     1.087
delta[1]     0.955   0.095     0.770     0.890     0.954     1.019     1.149
delta[2]     0.959   0.101     0.766     0.889     0.956     1.026     1.167
gamma[1]     1.048   0.099     0.853     0.981     1.048     1.113     1.246
gamma[2]     1.081   0.104     0.878     1.009     1.081     1.149     1.285
sigma        0.978   0.035     0.911     0.953     0.977     1.001     1.050
w11          0.602   0.164     0.317     0.484     0.587     0.707     0.949
w21         -0.192   0.173    -0.592    -0.285    -0.176    -0.077     0.102
w22          0.325   0.120     0.128     0.233     0.317     0.398     0.586
deviance 13204.111  48.837 13107.989 13171.227 13204.066 13236.076 13301.112
          Rhat n.eff
alpha1   1.004   590
alpha2   1.007   320
beta[1]  1.001  3000
beta[2]  1.001  3000
c        1.002  1200
delta[1] 1.005   490
delta[2] 1.002  1100
gamma[1] 1.002  1400
gamma[2] 1.002  1700
sigma    1.001  3000
w11      1.021   130
w21      1.020   140
w22      1.021    99
deviance 1.002  1100
